Coefficients: [ 1.82670227e-06  7.63853029e-02  8.63255686e-03  3.35066326e-02
  1.35416277e-03  5.59798459e-01  2.58117200e-07 -5.67045485e-07
 -9.82177496e-02 -7.31929515e-01 -3.27088851e-02  4.47132370e-01
  4.37759274e-02 -5.54360286e-08  1.76198497e-02  4.23895255e-03
 -1.68521542e-02  2.19410930e-02 -9.78490366e-03 -1.38347143e-02
  2.80818082e-03 -4.02719466e-03  1.03238002e-02  2.71926943e-02
  1.49007243e-02  1.95960617e-02  8.78883447e-03  1.93443519e-01
 -2.41633679e-02  9.22405664e-03  1.35395438e-02  1.95775369e-02
  2.49418920e-02  6.36754503e-03 -1.01802116e-02 -3.28191295e-04
 -3.51814087e-02  4.84343121e-03 -2.29425981e-02  3.88274518e-02
 -3.88508610e-03  4.32370361e-03 -1.17377190e-02 -5.51793613e-01
 -4.90482349e-02  3.02655618e-04 -9.77344789e-03  1.39862824e-02
 -1.35028775e-02 -2.25048559e-02  1.65859484e-01]
Intercept: 1100.8020893618104
Mean Squared Error: 3.9466587809039577
R² Score: 0.9170670193230052