Coefficients: [ 8.41000262e-01 -6.64677651e+04 -5.46851962e+02  1.94815903e+03
 -6.63900466e+02  9.50915169e+04 -3.06051554e+04  4.21911673e+01
  6.62004364e+03  6.34836981e+05  3.79687322e+04  9.10299608e+04
  1.06786014e+04  3.98327116e-01 -4.63647802e+02 -1.20499739e+03
 -5.38209408e+02 -2.07672965e+03  6.82005559e+03 -3.82832878e+02
 -1.99122770e+03  2.15649388e+03 -1.85713802e+02 -4.88278102e+03
 -2.47617933e+03 -4.67259092e+02 -9.24049818e+02  6.26775054e+03
  1.55999170e+03 -1.59311630e+03 -3.58236063e+02  4.82300202e+03
  1.69438635e+03  3.88755883e+02 -6.82125823e+02 -1.92047190e+03
  4.09032130e+03  4.91735770e+01 -2.80012638e+03  1.59777745e+03
  5.91900719e+03 -4.30685756e+03 -5.07444639e+03  3.00319706e+04
  6.39250308e+03 -2.50807964e+03 -1.61762376e+04  1.49634178e+03
 -1.26029489e+03 -8.92569272e+03 -2.19078079e+03]
Intercept: -62973229.62810941
Mean Squared Error: 1370878656677.6604
R² Score: 0.9586548306642476